    1  0        10.00000        0.00000        4.47779
    2  0        10.00000        0.00000        3.45220
    3  0        10.00000        0.00000        6.14835
    4  0        10.00000        0.00000        8.78433
    5  0        10.00000        0.00000        6.56663
    6  0        10.00000        0.00000        6.54937
    7  0        10.00000        0.00000        5.56802
    8  0        10.00000        0.00000        6.40285
    9  0        10.00000        0.00000        8.18615
   10  0        10.00000        0.00000        8.45885
   11  0        10.00000        0.00000        9.36080
   12  0        10.00000        0.00000        6.11747
   13  0        10.00000        0.00000        7.47733
   14  0        10.00000        0.00000        4.04146
   15  0        10.00000        0.00000        4.81710
   16  0        10.00000        0.00000        5.16988
   17  0        10.00000        0.00000        6.60586
   18  0        10.00000        0.08333        4.50869
   19  0        10.00000        0.00000        5.17490
   20  0        10.00000        0.00000        7.67892
   21  0        10.00000        0.00000        5.68901
   22  0        10.00000        0.00000        4.44293
   23  0        10.00000        0.00000        3.71777
   24  0        10.00000        0.00000        5.28684
   25  0        10.00000        0.00000        7.43033
   26  0        10.00000        0.00000        6.86763
   27  0        10.00000        0.00000       10.42871
   28  0        10.00000        0.00000        5.57978
   29  0        10.00000        0.00000        5.83793
   30  0        10.00000        0.00000        5.35039
   31  0        10.00000        0.00000        5.85028
   32  0        10.00000        0.00000        7.58294
   33  1         8.15000        0.25000        2.62328
   34  0        10.00000        0.00000        4.28805
   35  0        10.00000        0.00000        4.51542
   36  0        10.00000        0.00000        6.42821
   37  0        10.00000        0.00000        7.46853
   38  0        10.00000        0.00000        3.71739
   39  1         5.87000        0.25000        2.86765
   40  0        10.00000        0.00000        5.55658
   41  0        10.00000        0.08333        4.82289
   42  0        10.00000        0.00000        4.10219
   43  0        10.00000        0.00000        6.45133
   44  0        10.00000        0.00000        9.58440
   45  0        10.00000        0.00000        7.20376
   46  0        10.00000        0.00000        7.17044
   47  0        10.00000        0.00000        4.67065
   48  0        10.00000        0.00000        6.55971
   49  0        10.00000        0.00000        9.49767
   50  0        10.00000        0.00000        6.95712
   51  0        10.00000        0.00000        8.79639
   52  0        10.00000        0.00000        5.60705
   53  0        10.00000        0.00000        7.36208
   54  0        10.00000        0.00000        4.33834
   55  0        10.00000        0.00000        4.60003
   56  0        10.00000        0.00000        6.35185
   57  0        10.00000        0.00000        7.40312
   58  0        10.00000        0.16667        4.55785
   59  0        10.00000        0.00000        4.35072
   60  0        10.00000        0.00000        8.20174
   61  0        10.00000        0.00000        6.01013
   62  0        10.00000        0.00000        5.17398
   63  0        10.00000        0.00000        3.93002
   64  0        10.00000        0.00000        4.54439
   65  0        10.00000        0.00000        6.89124
   66  0        10.00000        0.00000        6.09340
   67  0        10.00000        0.00000       12.40401
   68  0        10.00000        0.00000        5.15713
   69  0        10.00000        0.00000        5.95953
   70  0        10.00000        0.00000        6.03622
   71  0        10.00000        0.00000        6.37676
   72  0        10.00000        0.00000        7.09253
   73  1         8.11000        0.25000        2.53568
   74  0        10.00000        0.00000        6.83302
   75  0        10.00000        0.00000        4.29526
   76  0        10.00000        0.00000        7.13573
   77  0        10.00000        0.00000        5.62432
   78  0        10.00000        0.00000        3.70253
   79  1         6.02000        0.25000        2.41194
   80  0        10.00000        0.00000        7.05845
   81  0        10.00000        0.00000        5.39464
   82  0        10.00000        0.00000        3.82344
   83  0        10.00000        0.00000        5.24078
   84  0        10.00000        0.00000        8.37880
   85  0        10.00000        0.00000        6.60536
   86  0        10.00000        0.00000        8.00391
   87  0        10.00000        0.00000        7.17862
   88  0        10.00000        0.00000        5.26268
   89  0        10.00000        0.00000        5.10853
   90  0        10.00000        0.16667        3.77533
   91  0        10.00000        0.00000        7.71239
   92  0        10.00000        0.00000        6.69802
   93  0        10.00000        0.00000        6.00776
   94  0        10.00000        0.00000        6.39533
   95  0        10.00000        0.00000        5.10798
   96  0        10.00000        0.00000        5.88776
   97  0        10.00000        0.00000        7.10345
   98  0        10.00000        0.00000        5.44286
   99  0        10.00000        0.08333        2.80763
  100  0        10.00000        0.00000        5.62808
  101  0        10.00000        0.00000        7.36105
  102  0        10.00000        0.00000        6.60295
  103  0        10.00000        0.00000        5.58893
  104  0        10.00000        0.00000        4.84279
  105  0        10.00000        0.00000        7.42162
  106  0        10.00000        0.00000        8.23933
  107  0        10.00000        0.00000        5.13125
  108  0        10.00000        0.00000        8.65101
  109  0        10.00000        0.00000        7.64331
  110  0        10.00000        0.00000        6.56337
  111  0        10.00000        0.00000        7.47552
  112  0        10.00000        0.00000        7.55953
  113  0        10.00000        0.00000        4.56511
  114  0        10.00000        0.00000        5.54463
  115  0        10.00000        0.00000        5.91487
  116  0        10.00000        0.00000        7.27904
  117  0        10.00000        0.00000        5.24506
  118  0        10.00000        0.00000        4.31115
  119  1         5.84000        0.25000        2.65341
  120  0        10.00000        0.00000        4.13322
  121  0        10.00000        0.00000        6.71105
  122  0        10.00000        0.00000        5.05542
  123  0        10.00000        0.00000        4.98686
  124  0        10.00000        0.00000        9.51229
  125  0        10.00000        0.00000        8.14581
  126  0        10.00000        0.00000        7.91094
  127  0        10.00000        0.00000        6.56679
  128  0        10.00000        0.08333        4.52227
  129  0        10.00000        0.00000        6.93516
  130  0        10.00000        0.16667        3.74915
  131  0        10.00000        0.00000        6.65822
  132  0        10.00000        0.00000        6.31442
  133  0        10.00000        0.00000        6.68308
  134  0        10.00000        0.00000        4.95783
  135  0        10.00000        0.00000        4.62965
  136  0        10.00000        0.00000        5.29705
  137  0        10.00000        0.00000        6.54560
  138  0        10.00000        0.00000        5.30502
  139  0        10.00000        0.00000        3.36257
  140  0        10.00000        0.00000        6.84566
  141  0        10.00000        0.00000        4.72853
  142  0        10.00000        0.00000        5.95637
  143  0        10.00000        0.00000        7.17226
  144  0        10.00000        0.00000        4.92348
  145  0        10.00000        0.00000        7.26628
  146  0        10.00000        0.00000        8.21978
  147  0        10.00000        0.00000        4.67140
  148  0        10.00000        0.00000        9.11297
  149  0        10.00000        0.00000        8.34451
  150  0        10.00000        0.00000        5.54765
  151  0        10.00000        0.00000        7.40063
  152  0        10.00000        0.00000        7.95139
  153  0        10.00000        0.00000        4.76197
  154  0        10.00000        0.00000        6.73376
  155  0        10.00000        0.00000        4.65898
  156  0        10.00000        0.00000        7.24137
  157  0        10.00000        0.00000        6.89134
  158  0        10.00000        0.00000        3.64757
  159  1         5.95000        0.25000        2.88625
  160  0        10.00000        0.00000        6.58520
  161  0        10.00000        0.08333        3.65985
  162  0        10.00000        0.00000        3.67456
  163  0        10.00000        0.00000        5.72245
  164  0        10.00000        0.00000        8.69280
  165  0        10.00000        0.00000        6.68036
  166  0        10.00000        0.00000        6.31198
  167  0        10.00000        0.00000        5.59223
  168  0        10.00000        0.00000        6.68724
  169  0        10.00000        0.00000        9.56027
  170  0        10.00000        0.00000        9.35117
  171  0        10.00000        0.00000        8.08335
  172  0        10.00000        0.00000        6.27634
  173  0        10.00000        0.00000        7.66074
  174  0        10.00000        0.00000        3.71811
  175  0        10.00000        0.00000        4.01919
  176  0        10.00000        0.00000        4.95200
  177  0        10.00000        0.00000        5.96255
  178  0        10.00000        0.00000        5.28269
  179  0        10.00000        0.00000        4.58745
  180  0        10.00000        0.00000        8.01951
  181  0        10.00000        0.00000        4.93102
  182  1         9.17000        0.25000        2.94128
  183  0        10.00000        0.00000        6.22265
  184  0        10.00000        0.00000        6.37362
  185  0        10.00000        0.08333        3.50624
  186  0        10.00000        0.00000        3.89538
  187  0        10.00000        0.00000        7.66153
  188  0        10.00000        0.00000        4.39640
  189  0        10.00000        0.00000        7.44236
  190  0        10.00000        0.00000        4.01437
  191  0        10.00000        0.00000        6.68366
  192  0        10.00000        0.00000        7.85887
  193  0        10.00000        0.00000        4.92132
  194  0        10.00000        0.00000        4.05947
  195  0        10.00000        0.00000        4.16591
  196  0        10.00000        0.00000        7.20164
  197  0        10.00000        0.00000        6.09344
  198  0        10.00000        0.00000        3.76311
  199  1         5.90000        0.25000        2.53345
  200  0        10.00000        0.00000        6.54155
  201  0        10.00000        0.00000        5.87237
  202  0        10.00000        0.00000        4.46882
  203  0        10.00000        0.00000        5.73295
  204  0        10.00000        0.00000        8.59790
  205  0        10.00000        0.00000        7.19356
  206  0        10.00000        0.00000        8.52760
  207  0        10.00000        0.00000        7.51947
  208  0        10.00000        0.00000        4.57647
  209  0        10.00000        0.00000        5.95106
  210  0        10.00000        0.16667        3.83736
  211  0        10.00000        0.00000        6.81965
  212  0        10.00000        0.00000        5.30647
  213  0        10.00000        0.00000        6.96195
  214  0        10.00000        0.00000        6.45359
  215  0        10.00000        0.00000        5.34032
  216  0        10.00000        0.00000        5.36548
  217  0        10.00000        0.00000        7.26086
  218  0        10.00000        0.00000        5.62723
  219  0        10.00000        0.00000        3.21470
  220  0        10.00000        0.00000        6.01071
  221  0        10.00000        0.00000        5.88379
  222  0        10.00000        0.00000        6.20242
  223  0        10.00000        0.00000        5.79376
  224  0        10.00000        0.00000        5.11788
  225  0        10.00000        0.00000        7.01433
  226  0        10.00000        0.00000        6.97242
  227  0        10.00000        0.00000        4.80259
  228  0        10.00000        0.00000        8.98286
  229  0        10.00000        0.00000        8.19093
  230  0        10.00000        0.00000        5.96395
  231  0        10.00000        0.00000        8.25906
  232  0        10.00000        0.00000        9.21492
  233  0        10.00000        0.00000        5.16012
  234  0        10.00000        0.00000        5.48795
  235  0        10.00000        0.00000        4.45607
  236  0        10.00000        0.00000        7.11508
  237  0        10.00000        0.00000        4.83269
  238  0        10.00000        0.00000        3.72936
  239  1         5.75000        0.25000        3.20107
  240  0        10.00000        0.00000        6.34228
  241  0        10.00000        0.00000        6.94962
  242  0        10.00000        0.00000        3.07117
  243  0        10.00000        0.00000        6.58377
  244  0        10.00000        0.00000       10.64863
  245  0        10.00000        0.00000        7.15183
  246  0        10.00000        0.00000        7.45459
  247  0        10.00000        0.00000        5.76222
  248  0        10.00000        0.00000        7.22771
  249  0        10.00000        0.00000        8.16056
  250  0        10.00000        0.00000        8.22145
  251  0        10.00000        0.00000        8.28739
  252  0        10.00000        0.00000        5.00413
  253  0        10.00000        0.00000        7.70211
  254  0        10.00000        0.00000        4.52860
  255  0        10.00000        0.00000        4.13141
  256  0        10.00000        0.00000        5.61527
  257  0        10.00000        0.00000        6.86262
  258  0        10.00000        0.16667        4.52959
  259  0        10.00000        0.00000        4.31766
  260  0        10.00000        0.00000        7.65890
  261  0        10.00000        0.00000        7.03430
  262  0        10.00000        0.00000        4.17415
  263  1         5.88000        0.25000        2.97516
  264  0        10.00000        0.00000        7.93884
  265  0        10.00000        0.00000        6.63024
  266  0        10.00000        0.00000        8.33704
  267  0        10.00000        0.00000        6.45688
  268  0        10.00000        0.00000        5.75487
  269  0        10.00000        0.00000        8.36615
  270  0        10.00000        0.00000        5.95288
  271  0        10.00000        0.00000        3.94048
  272  0        10.00000        0.00000        3.67754
  273  0        10.00000        0.00000        6.16769
  274  0        10.00000        0.00000        4.10970
  275  0        10.00000        0.00000        4.30458
  276  0        10.00000        0.00000        5.78807
  277  0        10.00000        0.00000        6.49552
  278  0        10.00000        0.00000        5.18036
  279  0        10.00000        0.00000        5.20843
  280  0        10.00000        0.00000        8.03907
  281  0        10.00000        0.00000        5.45920
  282  0        10.00000        0.00000        4.34454
  283  0        10.00000        0.08333        3.26122
  284  0        10.00000        0.00000        6.30334
  285  0        10.00000        0.00000        8.12304
  286  0        10.00000        0.00000        5.86515
  287  0        10.00000        0.00000       11.31083
  288  0        10.00000        0.00000        5.73605
  289  0        10.00000        0.00000        5.70159
  290  0        10.00000        0.00000        6.23737
  291  0        10.00000        0.00000        7.13121
  292  0        10.00000        0.00000        7.70542
  293  0        10.00000        0.08333        2.62420
  294  0        10.00000        0.00000        4.40191
  295  0        10.00000        0.00000        6.10928
  296  0        10.00000        0.00000        4.90727
  297  0        10.00000        0.00000        6.69379
  298  0        10.00000        0.00000        4.81980
  299  0        10.00000        0.00000        5.10199
  300  0        10.00000        0.00000        7.83279
  301  0        10.00000        0.00000        5.71520
  302  0        10.00000        0.08333        3.18433
  303  0        10.00000        0.00000        3.70938
  304  0        10.00000        0.00000        5.60576
  305  0        10.00000        0.00000        7.51793
  306  0        10.00000        0.00000        5.11911
  307  0        10.00000        0.00000       11.22583
  308  0        10.00000        0.00000        5.58793
  309  0        10.00000        0.00000        5.09323
  310  0        10.00000        0.00000        6.37188
  311  0        10.00000        0.00000        5.96826
  312  0        10.00000        0.00000        7.18759
  313  1         9.48000        0.25000        2.31108
  314  0        10.00000        0.00000        6.01188
  315  0        10.00000        0.00000        7.01366
  316  0        10.00000        0.00000        5.16831
  317  0        10.00000        0.00000        7.13242
  318  0        10.00000        0.00000        5.46516
  319  0        10.00000        0.00000        4.02044
  320  0        10.00000        0.00000        7.48946
  321  0        10.00000        0.00000        5.36710
  322  0        10.00000        0.00000        3.82698
  323  0        10.00000        0.00000        4.81884
  324  0        10.00000        0.00000        6.88961
  325  0        10.00000        0.00000        6.94329
  326  0        10.00000        0.00000        5.31525
  327  0        10.00000        0.00000       10.05887
  328  0        10.00000        0.00000        5.37138
  329  0        10.00000        0.00000        6.31759
  330  0        10.00000        0.00000        4.48004
  331  0        10.00000        0.00000        8.11882
  332  0        10.00000        0.00000        8.31707
  333  1         8.04000        0.25000        2.48422
  334  0        10.00000        0.00000        6.92099
  335  0        10.00000        0.00000        7.51028
  336  0        10.00000        0.00000        5.70328
  337  0        10.00000        0.00000        7.54715
  338  0        10.00000        0.00000        5.99262
  339  0        10.00000        0.00000        4.35868
  340  0        10.00000        0.00000        8.07072
  341  0        10.00000        0.00000        5.93875
  342  0        10.00000        0.00000        4.45500
  343  0        10.00000        0.00000        5.01703
  344  0        10.00000        0.00000        5.74172
  345  0        10.00000        0.00000        7.19114
  346  0        10.00000        0.00000        5.81053
  347  0        10.00000        0.00000        9.72585
  348  0        10.00000        0.00000        5.34931
  349  0        10.00000        0.00000        4.72874
  350  0        10.00000        0.00000        5.85322
  351  0        10.00000        0.00000        6.42304
  352  0        10.00000        0.00000        8.09553
  353  1         7.49000        0.33333        2.40218
  354  0        10.00000        0.00000        5.93131
  355  0        10.00000        0.00000        4.54530
  356  0        10.00000        0.00000        7.59167
  357  0        10.00000        0.00000        4.77973
  358  0        10.00000        0.00000        3.94733
  359  1         5.87000        0.25000        2.37616
  360  0        10.00000        0.00000        7.41921
  361  0        10.00000        0.00000        4.85160
  362  0        10.00000        0.00000        3.99317
  363  0        10.00000        0.00000        6.18833
  364  0        10.00000        0.00000        8.80259
  365  0        10.00000        0.00000        5.96785
  366  0        10.00000        0.00000        7.28361
  367  0        10.00000        0.00000        5.51371
  368  0        10.00000        0.00000        6.40728
  369  0        10.00000        0.00000        8.34366
  370  0        10.00000        0.00000        6.34108
  371  0        10.00000        0.00000        8.01396
  372  0        10.00000        0.00000        6.32419
  373  0        10.00000        0.00000        7.03620
  374  0        10.00000        0.00000        3.89801
  375  0        10.00000        0.00000        4.91546
  376  0        10.00000        0.00000        5.81959
  377  0        10.00000        0.00000        7.19310
  378  0        10.00000        0.00000        4.90596
  379  0        10.00000        0.00000        4.39529
  380  0        10.00000        0.00000        8.10593
  381  0        10.00000        0.00000        4.78966
  382  0        10.00000        0.00000        4.84514
  383  0        10.00000        0.00000        3.69508
  384  0        10.00000        0.00000        5.30812
  385  0        10.00000        0.00000        6.25638
  386  0        10.00000        0.00000        6.46864
  387  0        10.00000        0.00000       12.51755
  388  0        10.00000        0.00000        6.06163
  389  0        10.00000        0.00000        4.66261
  390  0        10.00000        0.00000        5.40722
  391  0        10.00000        0.00000        7.20732
  392  0        10.00000        0.00000        7.78279
  393  0        10.00000        0.08333        4.31672
  394  0        10.00000        0.00000        5.27193
  395  0        10.00000        0.00000        5.15403
  396  0        10.00000        0.00000        6.09934
  397  0        10.00000        0.00000        6.83067
  398  0        10.00000        0.00000        6.61497
  399  0        10.00000        0.00000        4.78909
  400  0        10.00000        0.00000        7.52748
  401  0        10.00000        0.00000        6.10974
  402  0        10.00000        0.00000        4.93475
  403  0        10.00000        0.00000        4.39317
  404  0        10.00000        0.00000        5.54244
  405  0        10.00000        0.00000        7.45917
  406  0        10.00000        0.00000        6.92557
  407  0        10.00000        0.00000       10.62614
  408  0        10.00000        0.00000        6.56741
  409  0        10.00000        0.00000        4.59169
  410  0        10.00000        0.00000        4.49554
  411  0        10.00000        0.00000        7.42480
  412  0        10.00000        0.00000        6.47122
  413  1         7.64000        0.25000        2.58373
  414  0        10.00000        0.00000        5.41629
  415  0        10.00000        0.00000        7.29449
  416  0        10.00000        0.00000        6.87846
  417  0        10.00000        0.00000        6.83073
  418  0        10.00000        0.00000        5.28869
  419  0        10.00000        0.00000        4.35814
  420  0        10.00000        0.00000        8.15843
  421  0        10.00000        0.00000        3.87817
  422  0        10.00000        0.00000        4.30703
  423  0        10.00000        0.00000        4.84873
  424  0        10.00000        0.00000        5.21134
  425  0        10.00000        0.00000        7.50745
  426  0        10.00000        0.00000        6.30431
  427  0        10.00000        0.00000       10.76548
  428  0        10.00000        0.00000        6.30038
  429  0        10.00000        0.00000        6.28167
  430  0        10.00000        0.00000        5.00594
  431  0        10.00000        0.00000        6.38267
  432  0        10.00000        0.00000        7.85776
  433  1         8.04000        0.33333        2.43230
  434  0        10.00000        0.00000        4.27059
  435  0        10.00000        0.00000        7.75497
  436  0        10.00000        0.00000        5.91012
  437  0        10.00000        0.00000        7.03902
  438  0        10.00000        0.16667        4.84740
  439  0        10.00000        0.00000        4.72347
  440  0        10.00000        0.00000        8.19990
  441  0        10.00000        0.00000        3.99962
  442  0        10.00000        0.00000        4.49268
  443  0        10.00000        0.00000        4.19734
  444  0        10.00000        0.00000        6.06262
  445  0        10.00000        0.00000        7.42418
  446  0        10.00000        0.00000        6.06422
  447  0        10.00000        0.00000       11.31956
  448  0        10.00000        0.00000        5.69134
  449  0        10.00000        0.00000        6.97281
  450  0        10.00000        0.00000        6.53693
  451  0        10.00000        0.00000        7.53564
  452  0        10.00000        0.00000        7.77093
  453  0        10.00000        0.08333        2.47830
  454  0        10.00000        0.00000        5.58599
  455  0        10.00000        0.00000        5.73992
  456  0        10.00000        0.00000        5.75879
  457  0        10.00000        0.00000        7.18128
  458  0        10.00000        0.00000        5.83069
  459  0        10.00000        0.00000        6.16174
  460  0        10.00000        0.00000        7.62860
  461  0        10.00000        0.00000        4.76538
  462  0        10.00000        0.00000        4.58457
  463  1         5.85000        0.25000        3.28254
  464  0        10.00000        0.00000        5.02300
  465  0        10.00000        0.00000        7.85583
  466  0        10.00000        0.00000        9.14789
  467  0        10.00000        0.00000        5.24173
  468  0        10.00000        0.00000        7.77997
  469  0        10.00000        0.00000        8.56277
  470  0        10.00000        0.00000        7.27708
  471  0        10.00000        0.00000        8.33883
  472  0        10.00000        0.00000        7.56207
  473  0        10.00000        0.00000        4.49425
  474  0        10.00000        0.00000        6.63555
  475  0        10.00000        0.00000        4.54740
  476  0        10.00000        0.00000        7.34136
  477  0        10.00000        0.00000        6.45864
  478  0        10.00000        0.00000        4.02610
  479  1         4.80000        0.25000        2.26751
  480  0        10.00000        0.00000        8.09518
  481  0        10.00000        0.00000        6.42094
  482  0        10.00000        0.00000        4.58081
  483  0        10.00000        0.00000        5.36834
  484  0        10.00000        0.00000        8.50314
  485  0        10.00000        0.00000        7.58035
  486  0        10.00000        0.00000        8.85701
  487  0        10.00000        0.00000        7.34923
  488  0        10.00000        0.00000        3.92508
  489  0        10.00000        0.00000        6.32863
  490  0        10.00000        0.16667        3.57623
  491  0        10.00000        0.00000        5.67054
  492  0        10.00000        0.00000        5.47422
  493  0        10.00000        0.00000        6.67341
  494  0        10.00000        0.00000        5.24487
  495  0        10.00000        0.00000        5.15059
  496  0        10.00000        0.00000        5.07887
  497  0        10.00000        0.00000        8.05721
  498  0        10.00000        0.00000        4.96054
  499  0        10.00000        0.16667        2.47659
  500  0        10.00000        0.00000        6.76671
  501  0        10.00000        0.00000        5.90651
  502  0        10.00000        0.00000        5.01007
  503  0        10.00000        0.00000        6.29310
  504  0        10.00000        0.00000        6.36020
  505  0        10.00000        0.00000        6.88059
  506  0        10.00000        0.00000        7.77294
  507  0        10.00000        0.00000        4.88943
  508  0        10.00000        0.00000        9.32099
  509  0        10.00000        0.00000        8.31169
  510  0        10.00000        0.00000        6.89414
  511  0        10.00000        0.00000        6.95046
  512  0        10.00000        0.00000        8.00548
  513  0        10.00000        0.00000        3.60319
  514  0        10.00000        0.00000        6.25150
  515  0        10.00000        0.00000        5.11466
  516  0        10.00000        0.00000        7.33036
  517  0        10.00000        0.00000        6.03311
  518  0        10.00000        0.00000        3.97093
  519  1         5.87000        0.25000        2.73305
  520  0        10.00000        0.00000        7.87032
  521  0        10.00000        0.16667        3.54876
  522  0        10.00000        0.00000        4.86111
  523  0        10.00000        0.00000        5.32345
  524  0        10.00000        0.00000        8.97195
  525  0        10.00000        0.00000        6.72289
  526  0        10.00000        0.00000        5.46506
  527  0        10.00000        0.00000        5.69736
  528  0        10.00000        0.00000        6.57193
  529  0        10.00000        0.00000        7.57908
  530  0        10.00000        0.00000        7.71101
  531  0        10.00000        0.00000        9.75840
  532  0        10.00000        0.00000        6.10327
  533  0        10.00000        0.00000        7.24328
  534  0        10.00000        0.00000        4.04254
  535  0        10.00000        0.00000        4.76606
  536  0        10.00000        0.00000        5.44889
  537  0        10.00000        0.00000        6.86078
  538  0        10.00000        0.00000        6.77121
  539  0        10.00000        0.00000        4.38988
  540  0        10.00000        0.00000        7.87977
  541  0        10.00000        0.00000        5.45264
  542  0        10.00000        0.00000        4.73825
  543  0        10.00000        0.00000        4.31174
  544  0        10.00000        0.00000        5.39109
  545  0        10.00000        0.00000        6.01854
  546  0        10.00000        0.00000        4.60211
  547  0        10.00000        0.00000       10.51482
  548  0        10.00000        0.00000        5.29053
  549  0        10.00000        0.00000        5.13042
  550  0        10.00000        0.00000        6.46531
  551  0        10.00000        0.00000        6.98131
  552  0        10.00000        0.00000        7.38185
  553  1         7.71000        0.25000        2.38670
  554  0        10.00000        0.00000        4.90557
  555  0        10.00000        0.00000        5.03773
  556  0        10.00000        0.00000        6.57743
  557  0        10.00000        0.00000        5.25000
  558  0        10.00000        0.00000        3.48079
  559  1         5.58000        0.25000        2.63377
  560  1         3.90000        0.25000        3.36805
  561  0        10.00000        0.00000        6.02431
  562  0        10.00000        0.00000        6.01265
  563  0        10.00000        0.00000        4.99270
  564  0        10.00000        0.00000        6.36369
  565  0        10.00000        0.00000        6.66298
  566  0        10.00000        0.00000        6.88334
  567  0        10.00000        0.00000        8.40973
  568  0        10.00000        0.00000        4.69362
  569  0        10.00000        0.00000        9.17248
  570  0        10.00000        0.00000        8.60682
  571  0        10.00000        0.00000        7.36533
  572  0        10.00000        0.00000        7.18348
  573  0        10.00000        0.00000        7.21684
  574  0        10.00000        0.00000        4.88383
  575  0        10.00000        0.00000        4.32456
  576  0        10.00000        0.00000        4.56198
  577  0        10.00000        0.00000        6.92823
  578  0        10.00000        0.00000        5.60594
  579  0        10.00000        0.00000        4.08018
  580  1         5.52000        0.25000        2.19008
  581  1         3.72000        0.25000        3.55112
  582  0        10.00000        0.00000        6.16498
  583  0        10.00000        0.00000        5.84089
  584  0        10.00000        0.00000        5.62276
  585  0        10.00000        0.00000        6.01342
  586  0        10.00000        0.00000        5.52169
  587  0        10.00000        0.00000        7.42710
  588  0        10.00000        0.00000        8.77527
  589  0        10.00000        0.00000        4.93716
  590  0        10.00000        0.00000        7.67444
  591  0        10.00000        0.00000        8.44794
  592  0        10.00000        0.00000        6.84580
  593  0        10.00000        0.00000        7.11104
  594  0        10.00000        0.00000        8.55473
  595  0        10.00000        0.00000        4.91324
  596  0        10.00000        0.00000        5.85913
  597  0        10.00000        0.00000        3.89021
  598  0        10.00000        0.00000        6.27340
  599  0        10.00000        0.00000        7.29236
  600  0        10.00000        0.00000        3.65741
  601  1         4.83000        0.25000        2.41637
  602  0        10.00000        0.00000        6.79737
  603  0        10.00000        0.00000        7.31832
  604  0        10.00000        0.00000        2.96778
  605  0        10.00000        0.00000        5.46471
  606  0        10.00000        0.00000        9.29731
  607  0        10.00000        0.00000        6.76850
  608  0        10.00000        0.00000        6.77317
  609  0        10.00000        0.00000        3.71282
  610  0        10.00000        0.00000        5.98040
  611  0        10.00000        0.00000        8.15611
  612  0        10.00000        0.00000        6.02355
  613  0        10.00000        0.00000        8.18964
  614  0        10.00000        0.00000        5.27866
  615  0        10.00000        0.00000        7.50253
  616  0        10.00000        0.00000        3.71974
  617  0        10.00000        0.00000        5.49165
  618  0        10.00000        0.00000        5.24236
  619  0        10.00000        0.00000        7.08824
  620  0        10.00000        0.16667        4.24189
  621  0        10.00000        0.00000        4.52837
  622  0        10.00000        0.00000        8.19535
  623  0        10.00000        0.00000        4.97153
  624  0        10.00000        0.00000        4.86242
  625  0        10.00000        0.00000        3.97068
  626  0        10.00000        0.00000        5.79157
  627  0        10.00000        0.00000        7.14660
  628  0        10.00000        0.00000        6.10573
  629  0        10.00000        0.00000        9.84359
  630  0        10.00000        0.00000        5.76584
  631  0        10.00000        0.00000        4.46601
  632  0        10.00000        0.00000        4.80110
  633  0        10.00000        0.00000        6.01230
  634  0        10.00000        0.00000        8.07740
  635  0        10.00000        0.08333        2.64851
  636  0        10.00000        0.00000        4.00571
  637  0        10.00000        0.00000        5.22303
  638  0        10.00000        0.00000        5.44174
  639  0        10.00000        0.00000        6.68367
  640  0        10.00000        0.00000        4.68352
  641  0        10.00000        0.00000        4.06557
  642  0        10.00000        0.00000        7.73257
  643  0        10.00000        0.00000        5.09162
  644  0        10.00000        0.16667        3.71545
  645  0        10.00000        0.00000        5.01716
  646  0        10.00000        0.00000        5.07946
  647  0        10.00000        0.00000        7.45259
  648  0        10.00000        0.00000        5.14255
  649  0        10.00000        0.00000       10.80026
  650  0        10.00000        0.00000        5.27892
  651  0        10.00000        0.00000        4.47589
  652  0        10.00000        0.00000        6.37328
  653  0        10.00000        0.00000        7.26999
  654  0        10.00000        0.00000        8.15720
  655  0        10.00000        0.08333        2.84118
  656  0        10.00000        0.00000        4.67231
  657  0        10.00000        0.00000        5.86949
  658  0        10.00000        0.00000        5.12977
  659  0        10.00000        0.00000        7.01235
  660  0        10.00000        0.16667        4.68010
  661  0        10.00000        0.00000        5.02093
  662  0        10.00000        0.00000        7.50643
  663  0        10.00000        0.00000        5.90450
  664  0        10.00000        0.08333        3.52318
  665  0        10.00000        0.00000        3.88780
  666  0        10.00000        0.00000        4.13322
  667  0        10.00000        0.00000        7.45679
  668  0        10.00000        0.00000        5.13103
  669  0        10.00000        0.00000        9.99677
  670  0        10.00000        0.00000        6.16056
  671  0        10.00000        0.00000        5.39794
  672  0        10.00000        0.00000        6.32048
  673  0        10.00000        0.00000        7.13038
  674  0        10.00000        0.00000        7.53595
  675  0        10.00000        0.08333        2.88025
  676  0        10.00000        0.00000        4.34939
  677  0        10.00000        0.00000        5.69491
  678  0        10.00000        0.00000        5.51245
  679  0        10.00000        0.00000        7.75618
  680  0        10.00000        0.16667        4.32734
  681  0        10.00000        0.00000        4.27656
  682  0        10.00000        0.00000        7.95211
  683  0        10.00000        0.00000        4.72523
  684  0        10.00000        0.00000        4.52008
  685  0        10.00000        0.00000        5.01095
  686  0        10.00000        0.00000        5.61097
  687  0        10.00000        0.00000        6.57590
  688  0        10.00000        0.00000        5.45531
  689  0        10.00000        0.00000       10.10876
  690  0        10.00000        0.00000        5.90974
  691  0        10.00000        0.00000        4.59734
  692  0        10.00000        0.00000        4.85779
  693  0        10.00000        0.00000        6.91629
  694  0        10.00000        0.00000        7.56383
  695  1         7.62000        0.25000        2.53105
  696  0        10.00000        0.00000        5.04033
  697  0        10.00000        0.00000        7.15994
  698  0        10.00000        0.00000        5.90389
  699  0        10.00000        0.00000        5.95719
  700  0        10.00000        0.00000        5.64546
  701  0        10.00000        0.00000        3.99538
  702  0        10.00000        0.00000        8.25125
  703  0        10.00000        0.00000        6.66434
  704  0        10.00000        0.00000        4.89124
  705  0        10.00000        0.00000        4.31919
  706  0        10.00000        0.00000        5.42554
  707  0        10.00000        0.00000        7.67933
  708  0        10.00000        0.00000        5.45366
  709  0        10.00000        0.00000       10.47931
  710  0        10.00000        0.00000        5.89415
  711  0        10.00000        0.00000        4.47737
  712  0        10.00000        0.00000        6.07513
  713  0        10.00000        0.00000        7.91564
  714  0        10.00000        0.00000        8.10238
  715  1         9.64000        0.25000        2.41606
  716  0        10.00000        0.00000        5.60441
  717  0        10.00000        0.00000        5.74418
  718  0        10.00000        0.00000        5.62168
  719  0        10.00000        0.00000        6.76004
  720  0        10.00000        0.00000        4.72711
  721  0        10.00000        0.00000        4.68575
  722  0        10.00000        0.00000        7.19677
  723  0        10.00000        0.00000        6.38560
  724  0        10.00000        0.00000        3.98514
  725  0        10.00000        0.00000        5.40043
  726  0        10.00000        0.00000        5.77027
  727  0        10.00000        0.00000        7.53507
  728  0        10.00000        0.00000        7.28298
  729  0        10.00000        0.00000       10.40603
  730  0        10.00000        0.00000        6.61081
  731  0        10.00000        0.00000        7.17889
  732  0        10.00000        0.00000        5.17558
  733  0        10.00000        0.00000        8.97270
  734  0        10.00000        0.00000        7.21712
  735  0        10.00000        0.08333        2.63788
  736  0        10.00000        0.00000        4.41789
  737  0        10.00000        0.00000        4.73118
  738  0        10.00000        0.00000        5.57297
  739  0        10.00000        0.00000        5.95714
  740  0        10.00000        0.00000        5.57178
  741  0        10.00000        0.00000        4.22022
  742  0        10.00000        0.00000        8.13599
  743  0        10.00000        0.00000        5.13801
  744  0        10.00000        0.00000        4.30431
  745  0        10.00000        0.00000        4.54883
  746  0        10.00000        0.00000        6.31767
  747  0        10.00000        0.00000        6.94373
  748  0        10.00000        0.00000        6.39664
  749  0        10.00000        0.00000       10.62913
  750  0        10.00000        0.00000        5.88838
  751  0        10.00000        0.00000        5.41555
  752  0        10.00000        0.00000        6.35632
  753  0        10.00000        0.00000        7.04100
  754  0        10.00000        0.00000        7.73626
  755  1         8.49000        0.25000        3.08425
  756  0        10.00000        0.00000        4.49823
  757  0        10.00000        0.00000        4.42233
  758  0        10.00000        0.00000        7.30456
  759  0        10.00000        0.00000        5.83878
  760  0        10.00000        0.00000        4.45781
  761  1         4.84000        0.25000        2.70096
  762  0        10.00000        0.00000        6.40261
  763  0        10.00000        0.00000        5.89453
  764  0        10.00000        0.00000        5.26564
  765  0        10.00000        0.00000        5.31952
  766  0        10.00000        0.00000        8.98509
  767  0        10.00000        0.00000        6.65900
  768  0        10.00000        0.00000        9.23895
  769  0        10.00000        0.00000        8.02375
  770  0        10.00000        0.00000        5.15536
  771  0        10.00000        0.00000        6.34065
  772  0        10.00000        0.08333        5.14252
  773  0        10.00000        0.00000        5.99569
  774  0        10.00000        0.00000        5.13541
  775  0        10.00000        0.00000        6.44525
  776  0        10.00000        0.00000        5.96123
  777  0        10.00000        0.00000        5.81635
  778  0        10.00000        0.00000        6.73724
  779  0        10.00000        0.00000        9.59757
  780  0        10.00000        0.00000        4.83903
  781  0        10.00000        0.08333        2.32266
  782  0        10.00000        0.00000        7.58984
  783  0        10.00000        0.00000        6.09532
  784  0        10.00000        0.00000        5.41997
  785  0        10.00000        0.00000        6.50039
  786  0        10.00000        0.00000        5.50886
  787  0        10.00000        0.00000        7.30334
  788  0        10.00000        0.00000        7.25009
  789  0        10.00000        0.00000        4.71715
  790  0        10.00000        0.00000        8.68896
  791  0        10.00000        0.00000        9.27925
  792  0        10.00000        0.00000        7.36976
  793  0        10.00000        0.00000        7.64972
  794  0        10.00000        0.00000        8.60300
  795  0        10.00000        0.00000        5.20407
  796  0        10.00000        0.00000        5.75343
  797  0        10.00000        0.00000        6.73124
  798  0        10.00000        0.00000        7.43303
  799  0        10.00000        0.00000        6.10889
  800  0        10.00000        0.00000        4.01170
  801  1         5.84000        0.25000        2.30547
  802  1         3.90000        0.25000        3.29167
  803  0        10.00000        0.00000        6.88558
  804  0        10.00000        0.00000        4.98813
  805  0        10.00000        0.00000        6.72426
  806  0        10.00000        0.00000        6.09481
  807  0        10.00000        0.00000        5.52565
  808  0        10.00000        0.00000        7.38906
  809  0        10.00000        0.00000        6.80077
  810  0        10.00000        0.00000        5.05475
  811  0        10.00000        0.00000        8.88532
  812  0        10.00000        0.00000        9.42974
  813  0        10.00000        0.00000        6.66167
  814  0        10.00000        0.00000        7.10510
  815  0        10.00000        0.00000        7.75633
  816  0        10.00000        0.00000        4.69017
  817  0        10.00000        0.00000        5.79458
  818  0        10.00000        0.00000        4.57473
  819  0        10.00000        0.00000        7.16174
  820  0        10.00000        0.00000        7.06978
  821  0        10.00000        0.00000        4.13701
  822  1         5.75000        0.25000        2.02012
  823  0        10.00000        0.00000        6.47508
  824  0        10.00000        0.00000        6.87140
  825  0        10.00000        0.00000        4.48672
  826  0        10.00000        0.00000        5.95952
  827  0        10.00000        0.00000        8.76451
  828  0        10.00000        0.00000        6.83742
  829  0        10.00000        0.00000        7.96639
  830  0        10.00000        0.00000        6.32058
  831  0        10.00000        0.00000        6.77566
  832  0        10.00000        0.00000        8.52346
  833  0        10.00000        0.00000        8.79359
  834  0        10.00000        0.00000        8.54621
  835  0        10.00000        0.00000        6.08927
  836  0        10.00000        0.00000        7.12217
  837  0        10.00000        0.00000        4.16154
  838  0        10.00000        0.00000        5.08027
  839  0        10.00000        0.00000        5.39460
  840  0        10.00000        0.00000        7.38444
  841  0        10.00000        0.00000        5.24752
  842  0        10.00000        0.00000        4.71839
  843  0        10.00000        0.00000        7.26605
  844  0        10.00000        0.00000        5.10046
  845  0        10.00000        0.00000        4.60543
  846  0        10.00000        0.00000        3.52895
  847  0        10.00000        0.00000        5.66353
  848  0        10.00000        0.00000        7.28913
  849  0        10.00000        0.00000        6.74698
  850  0        10.00000        0.00000       10.49887
  851  0        10.00000        0.00000        5.68943
  852  0        10.00000        0.00000        4.47126
  853  0        10.00000        0.00000        7.34546
  854  0        10.00000        0.00000        6.57482
  855  0        10.00000        0.00000        7.64402
  856  1         7.64000        0.25000        3.00267
  857  0        10.00000        0.00000        4.86315
  858  0        10.00000        0.00000        7.49503
  859  0        10.00000        0.00000        6.36248
  860  0        10.00000        0.00000        6.71708
  861  0        10.00000        0.00000        5.40912
  862  0        10.00000        0.00000        4.54243
  863  0        10.00000        0.00000        7.71396
  864  0        10.00000        0.00000        4.51432
  865  0        10.00000        0.00000        4.20072
  866  0        10.00000        0.00000        4.20268
  867  0        10.00000        0.00000        4.79229
  868  0        10.00000        0.00000        7.50232
  869  0        10.00000        0.00000        6.37968
  870  0        10.00000        0.00000       10.91309
  871  0        10.00000        0.00000        7.11477
  872  0        10.00000        0.00000        5.90555
  873  0        10.00000        0.00000        5.30249
  874  0        10.00000        0.00000        7.27037
  875  0        10.00000        0.00000        7.29802
  876  0        10.00000        0.08333        3.24400
  877  0        10.00000        0.00000        5.20220
  878  0        10.00000        0.00000        6.58177
  879  0        10.00000        0.00000        5.64368
  880  0        10.00000        0.00000        7.16483
  881  0        10.00000        0.00000        5.39606
  882  0        10.00000        0.00000        5.13027
  883  0        10.00000        0.00000        7.99125
  884  0        10.00000        0.00000        4.91939
  885  1         9.50000        0.25000        3.24957
  886  0        10.00000        0.00000        6.27030
  887  0        10.00000        0.00000        5.74475
  888  0        10.00000        0.00000        7.03407
  889  0        10.00000        0.00000        5.64270
  890  0        10.00000        0.00000       10.84384
  891  0        10.00000        0.00000        5.44962
  892  0        10.00000        0.00000        5.75648
  893  0        10.00000        0.00000        5.83105
  894  0        10.00000        0.00000        6.96471
  895  0        10.00000        0.00000        7.90796
  896  0        10.00000        0.08333        2.55390
  897  0        10.00000        0.08333        4.23601
  898  0        10.00000        0.00000        5.16745
  899  0        10.00000        0.00000        6.27076
  900  0        10.00000        0.00000        6.22323
  901  0        10.00000        0.00000        4.86465
  902  0        10.00000        0.00000        4.58439
  903  0        10.00000        0.00000        8.14323
  904  0        10.00000        0.00000        4.55111
  905  0        10.00000        0.00000        3.76708
  906  0        10.00000        0.00000        4.66132
  907  0        10.00000        0.00000        5.04024
  908  0        10.00000        0.00000        6.51853
  909  0        10.00000        0.00000        5.57365
  910  0        10.00000        0.00000       10.91457
  911  0        10.00000        0.00000        5.97108
  912  0        10.00000        0.00000        6.67046
  913  0        10.00000        0.00000        5.79781
  914  0        10.00000        0.00000        7.89587
  915  0        10.00000        0.00000        7.98104
  916  0        10.00000        0.08333        2.49184
  917  0        10.00000        0.00000        4.75666
  918  0        10.00000        0.00000        4.87429
  919  0        10.00000        0.00000        5.52172
  920  0        10.00000        0.00000        7.43663
  921  0        10.00000        0.08333        4.68849
  922  0        10.00000        0.00000        4.99448
  923  0        10.00000        0.00000        7.56078
  924  0        10.00000        0.00000        5.62953
  925  0        10.00000        0.16667        4.48354
  926  0        10.00000        0.00000        4.27245
  927  0        10.00000        0.00000        5.69555
  928  0        10.00000        0.00000        7.57056
  929  0        10.00000        0.00000        7.55391
  930  0        10.00000        0.00000       13.31795
  931  0        10.00000        0.00000        5.68828
  932  0        10.00000        0.00000        7.30604
  933  0        10.00000        0.00000        4.69435
  934  0        10.00000        0.00000        6.82274
  935  0        10.00000        0.00000        7.67668
  936  0        10.00000        0.00000        3.41366
  937  0        10.00000        0.00000        5.58201
  938  0        10.00000        0.00000        5.01164
  939  0        10.00000        0.00000        4.93176
  940  0        10.00000        0.00000        7.03304
  941  0        10.00000        0.00000        4.89404
  942  0        10.00000        0.00000        4.38003
  943  0        10.00000        0.00000        7.87224
  944  0        10.00000        0.00000        4.57927
  945  0        10.00000        0.00000        5.90161
  946  0        10.00000        0.00000        3.92938
  947  0        10.00000        0.00000        5.42107
  948  0        10.00000        0.00000        7.68781
  949  0        10.00000        0.00000        6.09627
  950  0        10.00000        0.00000       11.12614
  951  0        10.00000        0.00000        6.28909
  952  0        10.00000        0.00000        4.70471
  953  0        10.00000        0.00000        5.30586
  954  0        10.00000        0.00000        6.78622
  955  0        10.00000        0.00000        7.06826
  956  1         6.98000        0.25000        2.43251
  957  0        10.00000        0.00000        4.86983
  958  0        10.00000        0.00000        7.04496
  959  0        10.00000        0.00000        5.35246
  960  0        10.00000        0.00000        6.60589
  961  0        10.00000        0.00000        5.45568
  962  0        10.00000        0.00000        3.97966
  963  0        10.00000        0.00000        7.64505
  964  0        10.00000        0.00000        5.28291
  965  0        10.00000        0.00000        4.07683
  966  1         6.69000        0.25000        2.56265
  967  0        10.00000        0.00000        5.08478
  968  0        10.00000        0.00000        7.15137
  969  0        10.00000        0.00000        7.44944
  970  0        10.00000        0.00000        4.56704
  971  0        10.00000        0.00000        7.42110
  972  0        10.00000        0.00000        8.28964
  973  0        10.00000        0.00000        6.17945
  974  0        10.00000        0.00000        6.97255
  975  0        10.00000        0.00000        7.71347
  976  0        10.00000        0.00000        5.01663
  977  0        10.00000        0.00000        5.42498
  978  0        10.00000        0.00000        6.95337
  979  0        10.00000        0.00000        6.65712
  980  0        10.00000        0.00000        5.25053
  981  0        10.00000        0.00000        4.26402
  982  1         6.41000        0.25000        1.97338
  983  0        10.00000        0.00000        6.95843
  984  0        10.00000        0.08333        4.76786
  985  0        10.00000        0.00000        4.16869
  986  0        10.00000        0.00000        5.42889
  987  0        10.00000        0.00000        8.37096
  988  0        10.00000        0.00000        5.67644
  989  0        10.00000        0.00000        5.42852
  990  0        10.00000        0.00000        4.98225
  991  0        10.00000        0.00000        6.96249
  992  0        10.00000        0.00000        7.61358
  993  0        10.00000        0.00000        7.29136
  994  0        10.00000        0.00000        8.89315
  995  0        10.00000        0.00000        6.24884
  996  0        10.00000        0.00000        7.70716
  997  0        10.00000        0.00000        4.49016
  998  0        10.00000        0.00000        4.33280
  999  0        10.00000        0.00000        4.84232
 1000  0        10.00000        0.00000        7.23569
